巴沟->苏州街
weekday
4 37 42 47 53 58
5 02 07 11 16 20 25 29 34 38 43 47 52 57
6 01 06 10 15 19 22 26 28 30 33 35 37 40 42 44 46 49 51 53 55 58
7 00 02 04 07 09 11 14 16 18 20 23 25 27 29 32 34 36 38 41 43 45 48 50 52 54 57 59
8 01 03 06 08 10 12 15 17 19 22 24 26 28 31 33 35 37 40 42 44 46 49 51 53 56 58 
9 00 02 05 07 09 11 14 16 20 25 30 34 39 43 48 52 57 
10 01 06 10 15 21 28 34 41 47 54
11 00 07 13 20 26 33 39 46 52 59
12 05 12 18 25 31 38 44 51 57 
13 04 10 17 23 30 36 43 49 56
14 02 09 15 22 28 35 41 48 54
15 01 07 14 20 27 33 40 46 53 59
16 03 07 11 13 17 19 23 27 31 33 35 37 39 41 43 45 47 49 51 53 55 57 59
17 01 03 05 07 09 11 13 15 17 19 21 23 25 27 29 31 33 35 37 39 41 43 45 47 49 51 53 55 57 59
18 01 03 05 07 09 11 13 15 17 19 21 23 25 27 29 31 33 35 37 39 41 43 45 47 49 51 53 55 57 59 
19 01 05 09 13 17 21 25 29 33 37 41 45 49 53 57 
20 05 09 13 17 21 25 29 35 41 47 53 59 
21 05 11 17 23 29 35 41 47 53 59 
22 05 11 17 23 31

weekend
4 37 45 53
5 00 07 14 21 28 35 42 49 56 
6 03 10 16 22 30 37 44 51 58
7 05 12 19 26 33 40 47 54
8 01 08 15 21 28 35 42 49 56
9 03 10 17 24 31 38 45 52 59
10 06 13 20 27 34 40 47 54
11 01 08 15 22 29 36 43 50 57
12 04 11 18 25 32 39 46 53 59
13 06 13 20 27 34 41 48 55
14 02 09 16 23 30 37 44 47 51 58
15 05 07 12 18 22 26 32 39 43 47 53 57
16 01 07 14 19 24 29 34 39 44 49 54 59
17 04 09 14 19 24 29 34 39 43 48 53 58
18 03 08 13 18 23 28 35 42 49 56
19 03 10 17 24 30 37 44 51 58
20 05 12 19 26 33 40 47 54
21 01 08 15 22 29 36 43 49 56
22 03 10 17 24 31


