天宫院->安河桥北
weekday
5 05 11 17 23 28 32 36 40 44 48 54
6 00 06 11 18 23 28 32 36 40 44 48 49 56
7 00 01 08 12 13 20 21 28 30 36 37 44 48 49 54 57
8 01 05 09 13 17 21 28 31 35 42 45 51 57
9 02 06 10 18 22 30 34 42 46 51 58
10 06 10 15 22 27 37 42 47 52 57
11 04 12 16 25 30 35 40 45 51 57 
12 03 09 15 21 27 33 39 45 51 57
13 03 09 15 21 27 33 39 45 51 57
14 03 09 15 21 27 33 39 45 51 57
15 03 08 09 15 21 27 33 38 39 45 51 52 57
16 03 04 09 15 19 21 27 31 33 39 43 45 50 52 56 58
17 03 06 09 12 15 19 21 27 30 34 38 42 45 49 53 57
18 00 04 08 12 19 23 27 34 38 45 51 57
19 03 09 15 21 27 33 39 45 51 57
20 05 10 15 20 25 35 40 45 50 55
21 01 07 13 19 25 31 37 43 49 55
22 01 07 14 22 30 45

weekend
5 05 18 28 33 38 43 48 52 58
6 04 10 11 22 23 34 35 43 51 57
7 03 09 15 21 27 33 39 43 47 51 55 59
8 03 07 11 15 19 23 27 31 35 39 43 47 51 55 59
9 03 07 11 15 19 23 27 31 35 39 43 47 51 55 59
10 03 07 11 19 23 27 31 39 43 47 51 59
11 03 07 11 19 23 27 32 37 42 47 52 57
12 02 07 12 17 22 27 32 37 42 47 52 57
13 02 07 12 17 22 27 32 37 42 47 52 57
14 02 07 12 17 22 27 32 37 42 47 52 57
15 02 07 12 17 22 27 32 37 42 45 47 51 54 57
16 00 02 06 09 12 15 17 21 24 26 30 33 36 38 42 45 46 49 52 55 58
17 01 04 07 10 13 16 19 22 25 28 31 34 37 40 43 46 49 52 55 58
18 01 04 07 10 13 16 19 24 28 33 37 42 51 55
19 00 04 09 13 18 22 27 36 40 45 49 55
20 01 07 13 19 25 31 37 43 49 55
21 01 07 13 17 22 27 37 42 47 52 57
22 07 12 17 22 27 37 45

