瀛海->朱辛庄
weekday
5 06 14 22 29 35 41 45 49 53 56
6 01 05 08 11 15 18 22 26 30 33 37 40 44 47 51 54 58
7 01 05 08 12 15 19 22 26 29 33 36 40 43 50 57	
8 01 04 08 11 15 18 22 25 29 32 36 39 43 46 51 56
9 01 06 11 16 21 26 31 36 41 46 51 56	
10 01 06 12 18 25 32 40 47 55 
11 02 10 17 25 32 40 47 55
12 02 10 17 25 32 40 47 55
13 02 10 17 25 32 40 47 55
14 02 10 17 25 32 40 47 55
15 02 10 17 25 32 40 47 52 57
16 02 06 10 14 18 22 26 30 33 36 39 42 45 48 54 57	
17 00 03 06 09 12 15 18 21 24 27 30 33 36 39 42 45 48 51 55 57
18 00 03 06 09 12 15 18 21 24 26 30 33 36 39 45 48 51 55 59	
19 04 08 11 16 20 25 30 35 42 48 54
20 00 05 12 18 24 30 36 42 48 54 59
21 06 12 18 24 30 36 42 48 56
22 05 14 23 32 41 51
23 01

weekend
5 06 16 26 36 46 56
6 06 16 26 36 44 52 59	
7 06 16 26 34 44 54
8 02 12 22 30 40 50 58	
9 08 18 26 36 46 54	
10 04 14 22 32 42 50
11 00 10 18 28 38 46 56
12 06 14 24 34 42 52
13 02 10 20 30 38 48 57
14 03 08 14 22 29 36 44 52 59
15 07 14 22 29 37 44 52 59
16 07 14 22 29 37 44 52 59
17 07 14 21 29 37 44 51 59
18 07 14 21 29 37 44 51 59
19 07 14 21 29 37 46 53
20 01 08 16 23 31 38 46 53
21 01 08 16 24 31 38 46 53
22 01 08 16 24 33 42 51
23 01


