亦庄火车站->宋家庄
weekday
5 19 27 34 40 46 52 58
6 04 10 16 21 26 30 35 40 45 48 54 57	
7 01 04 07 10 13 16 23 29 35 42 48 54
8 01 07 13 20 26 32 40 44 48 54
9 01 07 13 20 26 33 39 47 57	
10 07 17 27 37 47 57
11 07 17 27 37 47 57
12 07 17 27 37 47 57
13 07 17 27 37 47 57
14 07 17 27 37 47 57
15 07 17 27 37 47 57
16 05 11 17 21 28 31 38 41 48 51 58
17 01 08 13 18 22 28 32 35 38 41 44 48 51 54 57
18 03 10 16 22 29 35 41 48 54 59
19 04 10 16 21 27 33 38 44 50 56
20 03 13 23 33 43 53
21 03 13 23 33 44 55
22 06 17 28 39

weekend
5 19 29 39 49 59	
6 09 19 29 38 47 55	
7 03 11 19 26 34 41 49 56	
8 03 11 18 26 33 39 48 55	
9 03 10 17 25 34 43 52	
10 01 11 20 29 38 48 57	
11 06 15 25 34 43 52	
12 02 11 20 29 39 48 57	
13 06 16 25 34 43 53	
14 02 11 20 30 39 48 57	
15 07 16 25 34 44 53	
16 02 11 21 30 39 48 58	
17 07 16 24 32 40 47 55	
18 02 10 17 25 32 40 47 55	
19 02 10 18 26 35 44 53	
20 03 12 21 30 40 049 58	
21 07 17 26 35 44 54	
22 03 12 21 31 39


