东直门->西直门
weekday
5 34 42 50 58	
6 04 09 15 20 26 31 37 43 47 51 56 59	
7 04 08 12 16 21 24 29 33 37 41 46 49 54 58	
8 01 03 06 09 12 14 17 20 23 26 28 31 34 37 40 42 45 48 51 53 56 59
9 02 05 07 10 13 16 19 25 28 31 2 37 44 51 58	
10 02 05 12 19 26 30 33 40 47 54
11 01 08 15 22 29 36 43 50 57	
12 04 11 18 25 32 39 46 53
13 00 07 14 21 28 35 42 49 56
14 03 10 17 24 31 38 45 52 59
15 06 13 20 27 34 41 48 55
16 02 09 15 20 26 31 37 43 48 54 59
17 05 09 13 18 21 26 30 34 38 43 47 51 55 59
18 03 06 09 12 14 17 20 23 25 28 31 34 37 39 42 45 48 51 53 56 59	
19 02 04 07 13 16 21 24 27 30 32 38 41 46 49 55 58	
20 05 11 14 17 23 29 35 41 47 50 53 59
21 05 11 17 24 32 40 48 55	
22 04 12 21 31 41 49 54
23 04 14 24 34 44

weekend
5 34 42 50 57	
6 05 11 18 25 32 39 46 53
7 00 07 14 21 28 35 42 49 56	
8 03 10 17 24 31 38 45 52 59	
9 06 13 20 27 34 41 48 55	
10 02 09 16 23 30 37 44 51 58
11 05 12 19 26 33 40 47 54	
12 01 08 15 22 29 36 43 50 57
13 04 11 18 25 32 39 46 53
14 00 07 14 21 28 35 42 49 56
15 03 10 17 24 31 38 45 52 59
16 06 13 20 27 34 41 48 55
17 02 09 16 23 30 37 44 51 58
18 05 12 19 26 33 40 47 54
19 01 08 15 22 29 36 43 50 57
20 04 11 18 25 32 39 46 53
21 00 07 14 21 29 36 42 49 56
22 02 09 17 25 33 41 49
23 00 09 18 27 36 44


