清华东路西口->俸伯
weekday
5 29 35 41 49 56	
6 03 10 17 24 30 36 42 49 53 59	
7 06 12 19 25 32 39 45 52 59	
8 05 12 18 25 31 34 39 45 52 58	
9 05 12 18 25 31 38 45 51 58	
10 05 12 20 28 36 44 48 52	
11 00 08 16 20 24 32 40 48 56	
12 04 12 20 28 36 44 52	
13 00 08 16 24 32 40 48 56	
14 04 12 20 28 36 44 52	
15 00 08 16 22 29 36 43 50 57	
16 03 10 17 24 31 38 44 51 58	
17 05 12 18 25 32 39 46 53 59	
18 06 13 20 27 34 40 47 54	
19 01 08 15 21 28 35 42 50 57	
20 03 09 15 20 25 31 37 43 49 55	
21 01 07 13 19 25 31 37 43 49 55	
22 01 08 17 27 37 46 55	
23 04 14

weekend
5 29 38 46 54	
6 02 10 18 26 34 42 49 56	
7 03 10 17 24 31 38 45 52 59	
8 06 12 18 24 30 36 42 48 54	
9 00 06 12 18 24 30 36 42 48 54	
10 00 06 12 18 24 30 36 42 48 54	
11 01 08 15 22 29 36 43 50 57	
12 04 11 18 25 32 39 46 53	
13 00 07 14 21 28 35 42 49 56	
14 03 10 17 24 31 38 45 52 59	
15 06 13 20 27 34 41 48 55	
16 02 09 16 23 30 37 44 51 57	
17 03 09 15 21 27 33 39 45 51 57	
18 03 09 15 21 27 33 39 45 51 57	
19 03 09 15 21 27 33 39 46 53	
20 00 07 14 21 28 35 42 49 56	
21 03 10 17 24 31 38 49 45 52 59	
22 06 14 22 31 40 58	
23 07 14


