潞城->金安桥
weekday
04 51 57
05 06 14 21 27 34 38 44 48 54 59
06 06 12 18 21 24 29 33 39 42 47 49 54 57
07 02 04 09 12 14 18 22 25 27 31 33 37 39 43 45 50 52 56 58
08 02 04 07 10 15 17 21 23 27 31 33 38 40 43 48 51 54
09 00 03 06 09 12 16 20 25 31 38 45 52 59
10 06 13 20 27 34 41 48 55
11 02 09 16 23 30 37 44 51 58
12 05 12 19 26 33 40 47 54
13 01 08 15 22 29 36 43 50 57
14 04 11 18 25 32 39 46 53
15 01 08 14 21 27 33 39 44 48 54
16 00 04 07 11 15 19 22 28 35 41 46 50 57
17 00 03 07 10 15 18 21 24 27 30 33 37 39 42 46 48 51 55 57
18 00 04 06 09 13 15 19 23 25 28 32 34 37 41 43 46 50 52 55 59
19 01 04 08 10 14 18 20 24 28 34 40 46 52 58
20 04 10 16 22 28 34 40 46 52 58
21 04 10 16 22 28 34 40 46 52 58
22 04 11 18 27 37 48
23 01 14 28

weekend
5 01 11 21 28 34 42 49 56	
6 03 10 17 24 31 38 45 52 58	
7 05 11 17 24 29 24 34 39 44 49 54 59	
8 04 09 14 19 28 34 39 44 49 54	
9 03 11 18 25 32 39 46 53	
10 00 07 14 20 27 33 40 47 54	
11 01 08 15 22 29 36 43 50 57	
12 04 11 18 25 32 39 46 53	
13 00 07 14 21 28 35 42 49 56	
14 03 10 17 24 31 38 45 52 59	
15 06 13 20 27 34 41 48 55	
16 02 09 16 23 30 37 44 51 58	
17 05 12 19 26 33 40 47 54
18 01 08 15 22 29 36 43 50 57	
19 04 11 18 25 32 39 46 53	
20 00 07 14 21 29 37 47 57	
21 07 17 28 38 48 58	
22 08 18 28 38 48	
23 01 14 28

