西土城->昌平西山口
weekday
5 22 32 42 50 58
6 06 13 18 21 26 30 33 36 39 42 45 48 51 54 57	
7 03 06 09 12 15 18 21 24 27 30 32 35 37 40 42 45 47 50 52 55 57	
8 00 02 05 07 10 12 15 17 19 22 24 26 28 31 33 35 37 40 42 45 47 49 52 54 56 58	
9 01 03 05 07 10 12 15 17 19 22 24 26 28 31 33 35 37 40 42 45 47 50 52 55 57	
10 00 02 05 07 10 13 16 19 24 27 33 38 43 51 59
11 07 16 25 33 43 53	
12 03 13 23 33 43 53	
13 03 13 23 33 43 53	
14 03 13 23 33 43 53	
15 03 13 23 33 43 52	
16 03 13 23 33 41 47 51 55 59	
17 03 07 11 15 19 23 27 30 33 35 38 40 43 45 48 50 53 55 58	
18 00 03 05 08 10 13 18 20 23 25 28 30 33 35 38 40 43 45 48 50 53 55 58	
19 00 03 05 08 10 13 15 18 20 23 25 28 30 33 35 38 40 43 45 48 50 53 55 58	
20 00 03 05 08 10 13 15 18 20 23 25 28 30 33 35 38 40 43 45 48 50 53 55 58	
21 03 05 08 11 13 17 20 24 28 32 36 41 44 50 56
22 04 12 19 26 35 44 54	
23 04 14 22

weekend
5 22 32 42 51 58
6 07 16 25 33 40 49 57
7 06 14 23 31 39 46 53	
8 00 06 12 17 24 30 36 42 48 54	
9 00 06 12 18 24 30 36 41 48 54	
10 00 06 12 19 27 34 42 49 57	
11 05 12 22 30 39 47 56	
12 04 13 21 29 38 47 55	
13 04 11 21 29 38 46 55	
14 03 12 20 28 37 46 54	
15 03 10 20 28 37 45 54	
16 02 11 19 27 36 45 53	
17 02 09 18 26 33 40 47 53 58	
18 05 11 17 23 29 35 40 47 53 59	
19 05 11 17 22 29 35 41 47 53 59	
20 04 11 17 23 29 36 43 50 57	
21 05 13 21 30 39 47 56	
22 03 13 21 30 38 46 54	
23 03 12 22


