天通苑北->宋家庄
weekday
5 03 08 12 16 20 24 28 32 36 41 45 49 53 58
6 02 06 10 12 18 22 27 29 32 34 36 38 41 43 45 47 49 52 54 56 58
7 00 02 04 06 08 10 12 14 16 18 20 23 25 27 29 31 34 36 38 40 42 44 46 48 50 52 54 56 58
8 00 02 05 07 09 11 13 16 18 20 22 24 27 29 31 33 35 38 40 42 44 46 48 50 52 54 56 58
9 00 02 04 07 09 11 13 16 19 23 27 31 35 39 44 48 53 57
10 02 07 12 17 23 28 34 40 45 52 59
11 06 13 20 27 34 41 48 55
12 02 09 16 23 30 37 44 51 58
13 05 12 19 26 33 40 47 54
14 01 08 15 22 29 36 43 50 57
15 05 10 13 19 23 26 32 37 40 45 48 54 58
16 02 07 09 15 19 22 27 31 35 39 40 43 45 48 50 52 54 56 59
17 01 03 05 07 09 11 13 15 17 19 21 23 25 28 30 32 34 36 39 41 43 45 47 49 51 53 55 57 59
18 01 03 05 07 10 12 14 16 18 21 23 25 27 29 32 34 37 40 44 47 51 54 58
19 01 05 08 12 15 19 23 27 31 35 39 43 47 51 55
20 00 04 09 14 19 24 29 34 39 44 50 57
21 04 10 15 21 27 33 39 45 50 58
22 06 15 23 31 38 47

weekend
4 59
5 09 19 29 39 49 57
6 04 10 13 20 22 30 33 40 43 50 53 59
7 03 08 12 17 21 24 30 35 39 44 48 53 57
8 02 06 11 15 20 24 29 33 38 42 47 51 56
9 01 07 12 17 22 28 33 39 44 50 56
10 02 07 13 19 25 30 36 42 48 53 59
11 05 11 16 22 28 34 39 45 51 57
12 02 08 14 20 25 31 37 43 48 54
13 00 06 11 17 23 29 34 40 46 52 57
03 09 15 20 26 32 38 43 49 55
15 01 06 12 18 24 29 35 41 47 52 58
16 04 10 15 21 27 33 38 44 50 56
17 01 07 12 15 21 26 31 35 40 44 49 53 58
18 02 07 11 16 20 25 29 34 39 44 49 54 59
19 04 09 14 19 24 29 35 41 48 55
20 02 09 16 23 31 39 47 55
21 03 11 19 27 35 43 51 59
22 07 15 23 31 39 47

