环球度假区->北京西站
weekday
5 09 17 25 33 40 47 54	
6 00 07 13 20 24 30 36 42 48 54
7 00 06 12 18 24 30 36 42 48 54
8 00 06 13 19 25 31 37 43 49 55
9 02 08 14 21 28 36 43 50 57	
10 04 11 18 25 32 39 46 53
11 01 08 15 22 29 36 43 50 57
12 04 11 18 26 33 40 47 54
13 01 08 15 22 29 36 43 51 58
14 05 12 19 26 33 40 47 54
15 01 08 14 20 26 32 38 44 50 56
16 02 08 14 19 25 31 37 43 49 55
17 01 07 13 19 25 31 37 43 49 55
18 02 08 15 22 28 36 44 52
19 00 08 16 24 32 40 48 57	
20 02 06 15 24 33 42 51
21 00 09 19 29 39 49 59
22 09 19 29 39 49 59

weekend
5 09 18 28 38 47 55	
6 02 09 16 23 30 37 44 51	
7 00 09 18 27 37 46 54	
8 04 13 21 31 40 48 58	
9 07 15 25 34 42 52
10 01 09 19 28 36 46 55	
11 03 13 22 30 40 49 57
12 07 16 24 35 43 51	
13 01 10 18 28 37 45 55	
14 04 12 22 31 39 49 58	
15 06 16 25 33 43 52	
16 00 10 19 27 37 46 54	
17 04 13 21 31 40 48 58	
18 07 15 25 34 43 53	
19 02 09 19 28 36 46 55	
20 03 10 19 27 36 44 53	
21 01 10 19 29 39 49 59	
22 09 19 29 39 49 59


