阎村东->东管头南
weekday
5 02 11 17 25 31 37 44 49 55
6 00 05 11 16 19 22 26 30 34 38 42 46 50 54 58
7 02 06 15 19 23 31 39 47 55	
8 03 11 16 18 26 31 34 40 46 52 58	
9 04 10 16 24 30 37 44 51	
10 01 11 20 30 40 50 59	
11 09 19 29 38 48 58	
12 08 17 27 37 47 56
13 06 16 26 35 45 55
14 05 14 24 34 44 52
15 01 07 12 17 22 27 33 39 44 50 55
16 01 06 12 17 23 28 34 39 45 50 56
17 01 07 12 18 23 29 34 40 45 51 56
18 02 07 10 13 16 18 21 24 27 29 35 38 41 44 46 49 51 57	
19 02 08 13 19 24 30 35 41 46 52 57
20 03 08 14 20 27 34 41 47 54
21 02 09 16 23 29 36 44 51
22 01 10 19

weekend
5 02 10 20 30 40 49 59	
6 09 19 28 35 41 48 56
7 02 09 16 23 30 37 44 51 58
8 05 12 19 26 33 40 47 54	
9 01 08 15 22 32 41 50 59
10 09 17 27 36 45 55
11 04 13 22 31 40 50 59	
12 08 17 26 35 44 53
13 03 12 21 30 40 49 58
14 07 16 25 35 44 53
15 02 11 20 29 39 48 57	
16 06 15 25 32 39 46 53
17 00 07 14 21 28 35 42 49 56
18 03 10 17 24 31 38 45 52 59
19 06 13 20 27 36 45 54
20 04 13 23 32 41 50	
21 00 09 19 28 38 48 59	
22 09 19


