国家图书馆->郭公庄
weekday
5 38 45 51 57
6 02 07 12 17 22 26 31 36 42 46 51 56
7 01 04 07 09 12 14 17 19 21 24 26 29 31 34 36 39 41 44 46 49 51 54 56 58
8 01 03 06 08 11 13 16 18 21 23 26 28 31 33 35 38 40 43 45 48 50 53 55 58
9 00 03 05 08 10 12 15 17 20 22 25 27 30 32 35 38 42 45 49 52 56
10 00 03 06 10 13 17 19 23 27 31 36 41 47 51 57
11 04 11 18 25 32 39 46 53
12 00 07 14 21 28 35 42 49 56
13 03 10 17 24 30 38 45 52 59
14 06 13 20 27 34 41 48 55
15 02 08 16 23 29 35 41 47 53 59
16 03 09 13 18 21 26 30 34 38 42 45 48 51 54 57
17 00 03 06 09 12 15 18 21 24 27 30 33 36 39 42 44 47 50 54 57
18 00 03 06 09 12 15 17 20 23 27 30 33 36 39 42 45 48 51 54 57
19 00 03 06 09 12 15 18 21 25 28 32 36 39 44 48 52 56
20 01 05 10 15 20 25 31 35 40 47 52 58
21 04 10 16 22 29 34 40 46 52 58
22 04 10 16 22 28 34 40 47 54
23 01 10 18

weekend
5 38 45 51 59
6 06 13 20 27 34 41 47 55
7 02 09 16 23 30 37 44 51 58
8 05 12 19 26 33 40 47 54
9 01 08 15 22 29 36 43 50 57
10 04 11 17 25 32 39 45 53
11 00 07 14 21 28 35 42 49 56
12 03 10 16 24 31 38 44 52 59
13 06 13 20 27 34 41 48 55
14 02 09 16 23 30 37 44 51 58
15 05 11 19 26 33 40 47 54
16 01 08 15 22 29 36 43 50 57
17 04 11 18 25 32 39 46 53
18 00 07 14 21 28 35 42 49 56
19 03 10 17 24 31 38 45 52 59
20 06 13 20 27 34 41 48 55
21 01 09 16 23 30 37 44 51 58
22 05 11 19 27 34 41 49 59
23 09 18


