环球度假区->古城
weekday
5 09 18 28 18 36 28 42 32 50 37 58 40 43 47 49 54 58
6 06 14
7 01 04 06 10 14 18 20 22 27 30 32 34 38 40 44 49 52 56
8 00 02 04 08 10 12 18 20 23 27 29 32 35 39 43 46 51 54 56
9 00 05 10 14 19 24 29 32 36 41 44 48 53 56
10 00 05 08 13 19 25 31 37 43 49 55
11 01 07 13 19 25 31 37 43 49 55
12 01 07 13 19 25 31 37 43 49 55
13 01 07 13 19 25 31 37 43 49 55
14 01 07 13 21 25 32 39 46 53 56
15 00 07 14 21 28 34 37 41 48 56
16 02 10 13 17 24 31 38 45 48 55 59
17 06 12 16 19 21 23 26 28 30 33 35 37 40 42 44 47 49 51 54 56 58
18 01 05 08 10 14 17 19 24 28 34 38 45 49 52 56 59
19 03 06 10 14 17 20 23 25 30 33 36 40 43 47 51 53 57
20 01 05 07 12 14 18 22 25 29 32 36 39 45 51 57
21 03 08 15 21 27 33 39 46 53
22 00 07 13 19 26 33 40 47 55

weekend
5 09 19 29 39 49 58
6 08 18 25 31 38 44 51 57
7 03 09 14 23 28 32 41 46 55
8 04 08 13 22 31 35 44 49 58
9 02 07 11 16 22 29 34 41 48 54
10 01 09 16 24 28 36 44 49 57
11 04 09 16 24 29 36 44 49 56
12 04 09 16 24 29 36 44 49 56
13 04 09 16 24 29 36 44 49 56
14 04 09 16 24 29 36 44 49 56
15 04 09 16 24 29 36 44 49 56
16 04 08 16 22 26 31 38 49 56
17 02 07 11 19 26 29 37 43 48 52 59
18 05 10 17 25 30 35 42 50 58
19 05 10 15 22 30 38 46 51 56
20 01 06 11 16 21 25 31 36 41 47 53 59
21 05 11 18 25 32 39 46 52 59
22 06 13 20 27 34 41 48 55

